
 **** DERIVATIVE DATABASE ****    
+DDB, Version number  20230401

 DDB file merged by ElasticWork on Thu Jun 19 17:38:07 2025

    usepaw         0
     natom         4
      nkpt        21
    nsppol         1
      nsym        12
    ntypat         2
    occopt         1
     nband        26
     acell  0.10000000000000D+01  0.10000000000000D+01  0.10000000000000D+01
       amu  0.65390000000000D+02  0.15999400000000D+02
   dilatmx  0.10000000000000D+01
      ecut  0.42000000000000D+02
    ecutsm  0.10000000000000D+01
     intxc         0
      iscf         7
       ixc   -116133
       kpt  0.00000000000000D+00  0.00000000000000D+00  0.00000000000000D+00
            0.16666666666667D+00  0.00000000000000D+00  0.00000000000000D+00
            0.33333333333333D+00  0.00000000000000D+00  0.00000000000000D+00
            0.50000000000000D+00  0.00000000000000D+00  0.00000000000000D+00
            0.16666666666667D+00  0.16666666666667D+00  0.00000000000000D+00
            0.33333333333333D+00  0.16666666666667D+00  0.00000000000000D+00
            0.33333333333333D+00  0.33333333333333D+00  0.00000000000000D+00
            0.00000000000000D+00  0.00000000000000D+00  0.25000000000000D+00
            0.16666666666667D+00  0.00000000000000D+00  0.25000000000000D+00
            0.33333333333333D+00  0.00000000000000D+00  0.25000000000000D+00
            0.50000000000000D+00  0.00000000000000D+00  0.25000000000000D+00
            0.16666666666667D+00  0.16666666666667D+00  0.25000000000000D+00
            0.33333333333333D+00  0.16666666666667D+00  0.25000000000000D+00
            0.33333333333333D+00  0.33333333333333D+00  0.25000000000000D+00
            0.00000000000000D+00  0.00000000000000D+00  0.50000000000000D+00
            0.16666666666667D+00  0.00000000000000D+00  0.50000000000000D+00
            0.33333333333333D+00  0.00000000000000D+00  0.50000000000000D+00
            0.50000000000000D+00  0.00000000000000D+00  0.50000000000000D+00
            0.16666666666667D+00  0.16666666666667D+00  0.50000000000000D+00
            0.33333333333333D+00  0.16666666666667D+00  0.50000000000000D+00
            0.33333333333333D+00  0.33333333333333D+00  0.50000000000000D+00
    kptnrm  0.10000000000000D+01
     ngfft        36   36   60
    nspden         1
   nspinor         1
       occ  0.20000000000000D+01  0.20000000000000D+01  0.20000000000000D+01
            0.20000000000000D+01  0.20000000000000D+01  0.20000000000000D+01
            0.20000000000000D+01  0.20000000000000D+01  0.20000000000000D+01
            0.20000000000000D+01  0.20000000000000D+01  0.20000000000000D+01
            0.20000000000000D+01  0.20000000000000D+01  0.20000000000000D+01
            0.20000000000000D+01  0.20000000000000D+01  0.20000000000000D+01
            0.20000000000000D+01  0.20000000000000D+01  0.20000000000000D+01
            0.20000000000000D+01  0.20000000000000D+01  0.20000000000000D+01
            0.20000000000000D+01  0.20000000000000D+01
     rprim  0.61166285012000D+01  0.00000000000000D+00  0.00000000000000D+00
           -0.30583142506000D+01  0.52971556676000D+01  0.00000000000000D+00
            0.00000000000000D+00  0.00000000000000D+00  0.98595925166000D+01
  dfpt_sciss  0.00000000000000D+00
    spinat  0.00000000000000D+00  0.00000000000000D+00  0.00000000000000D+00
            0.00000000000000D+00  0.00000000000000D+00  0.00000000000000D+00
            0.00000000000000D+00  0.00000000000000D+00  0.00000000000000D+00
            0.00000000000000D+00  0.00000000000000D+00  0.00000000000000D+00
    symafm         1    1    1    1    1    1    1    1    1    1    1    1
    symrel         1    0    0    0    1    0    0    0    1
                   0    1    0    1    0    0    0    0    1
                   1    1    0   -1    0    0    0    0    1
                  -1    0    0    1    1    0    0    0    1
                   0    1    0   -1   -1    0    0    0    1
                  -1   -1    0    0    1    0    0    0    1
                  -1    0    0    0   -1    0    0    0    1
                   0   -1    0   -1    0    0    0    0    1
                  -1   -1    0    1    0    0    0    0    1
                   1    0    0   -1   -1    0    0    0    1
                   0   -1    0    1    1    0    0    0    1
                   1    1    0    0   -1    0    0    0    1
     tnons  0.00000000000000D+00  0.00000000000000D+00  0.00000000000000D+00
            0.33333333330000D+00 -0.33333333330000D+00  0.50000000000000D+00
            0.33333333335000D+00 -0.33333333330000D+00  0.50000000000000D+00
           -0.50000004137019D-10  0.00000000000000D+00  0.00000000000000D+00
            0.55511151231258D-16  0.50000059648170D-10  0.00000000000000D+00
            0.33333333330000D+00 -0.33333333335000D+00  0.50000000000000D+00
            0.33333333330000D+00 -0.33333333330000D+00  0.50000000000000D+00
            0.55511151231258D-16  0.55511151231258D-16  0.00000000000000D+00
           -0.50000004137019D-10  0.55511151231258D-16  0.00000000000000D+00
            0.33333333335000D+00 -0.33333333330000D+00  0.50000000000000D+00
            0.33333333330000D+00 -0.33333333335000D+00  0.50000000000000D+00
            0.00000000000000D+00  0.50000059648170D-10  0.00000000000000D+00
    tolwfr  0.10000000000000D+01
   tphysel  0.00000000000000D+00
    tsmear  0.10000000000000D-01
     typat         1    1    2    2
       wtk  0.69444444444444D-02  0.41666666666667D-01  0.41666666666667D-01
            0.20833333333333D-01  0.41666666666667D-01  0.83333333333333D-01
            0.13888888888889D-01  0.13888888888889D-01  0.83333333333333D-01
            0.83333333333333D-01  0.41666666666667D-01  0.83333333333333D-01
            0.16666666666667D+00  0.27777777777778D-01  0.69444444444444D-02
            0.41666666666667D-01  0.41666666666667D-01  0.20833333333333D-01
            0.41666666666667D-01  0.83333333333333D-01  0.13888888888889D-01
      xred -0.16666649541956D-10  0.16666705053107D-10  0.82681739999999D-03
            0.33333333331667D+00  0.66666666668333D+00  0.50082681740000D+00
           -0.16666649541956D-10  0.16666705053107D-10  0.38017954481495D+00
            0.33333333331667D+00  0.66666666668333D+00  0.88017954481495D+00
     znucl  0.30000000000000D+02  0.80000000000000D+01
      zion  0.20000000000000D+02  0.60000000000000D+01
 
  Description of the potentials (KB energies)
  vrsio8 (for pseudopotentials)=100401
  usepaw =  0
  dimekb =  6       lmnmax=  6
  Atom type=    1   pspso=  0   nekb=   6
  iln lpsang iproj  ekb(:)
     1     0     1     2.8308354E+00  0.0000000E+00  0.0000000E+00  0.0000000E+00
                       0.0000000E+00  0.0000000E+00
     2     0     2     0.0000000E+00 -1.5191074E+00  0.0000000E+00  0.0000000E+00
                       0.0000000E+00  0.0000000E+00
     3     1     1     0.0000000E+00  0.0000000E+00 -4.6267394E+00  0.0000000E+00
                       0.0000000E+00  0.0000000E+00
     4     1     2     0.0000000E+00  0.0000000E+00  0.0000000E+00 -1.3241502E+00
                       0.0000000E+00  0.0000000E+00
     5     2     1     0.0000000E+00  0.0000000E+00  0.0000000E+00  0.0000000E+00
                      -6.9485096E+00  0.0000000E+00
     6     2     2     0.0000000E+00  0.0000000E+00  0.0000000E+00  0.0000000E+00
                      -6.9485096E+00  0.0000000E+00
  Atom type=    2   pspso=  0   nekb=   5
  iln lpsang iproj  ekb(:)
     1     0     1     6.0500315E+00  0.0000000E+00  0.0000000E+00  0.0000000E+00
                       0.0000000E+00
     2     0     2     0.0000000E+00  8.2036289E-01  0.0000000E+00  0.0000000E+00
                       0.0000000E+00
     3     1     1     0.0000000E+00  0.0000000E+00 -4.7396168E+00  0.0000000E+00
                       0.0000000E+00
     4     1     2     0.0000000E+00  0.0000000E+00  0.0000000E+00 -1.1538406E+00
                       0.0000000E+00
     5     2     1     0.0000000E+00  0.0000000E+00  0.0000000E+00  0.0000000E+00
                      -1.3358345E+00
 
 **** Database of total energy derivatives ****
 Number of data blocks=    3
  
 1st derivatives              - # elements :      18
   1   1 -0.17232929428188D-25  0.00000000000000D+00
   2   1 -0.17232929428188D-25  0.00000000000000D+00
   3   1 -0.76951554622262D-04  0.00000000000000D+00
   1   2 -0.17232929428188D-25  0.00000000000000D+00
   2   2 -0.17232929428188D-25  0.00000000000000D+00
   3   2 -0.76951554622262D-04  0.00000000000000D+00
   1   3  0.00000000000000D+00  0.00000000000000D+00
   2   3  0.00000000000000D+00  0.00000000000000D+00
   3   3 -0.71077531448974D-04  0.00000000000000D+00
   1   4  0.00000000000000D+00  0.00000000000000D+00
   2   4  0.00000000000000D+00  0.00000000000000D+00
   3   4 -0.71077531448974D-04  0.00000000000000D+00
   1   7  0.41694018263136D-04  0.00000000000000D+00
   2   7  0.41694017645651D-04  0.00000000000000D+00
   3   7  0.38423876515689D-04  0.00000000000000D+00
   1   8  0.00000000000000D+00  0.00000000000000D+00
   2   8  0.00000000000000D+00  0.00000000000000D+00
   3   8  0.00000000000000D+00  0.00000000000000D+00
  
 Total energy                 - # elements :       1
 -0.45085721424701D+03  0.00000000000000D+00
  
 2nd derivatives (non-stat.)  - # elements :     288
 qpt  0.00000000E+00  0.00000000E+00  0.00000000E+00   1.0
   1   1   1   1  0.28032652131733D+01  0.00000000000000D+00
   2   1   1   1 -0.14016328071630D+01  0.00000000000000D+00
   3   1   1   1  0.00000000000000D+00  0.00000000000000D+00
   1   2   1   1 -0.11557647034609D+00 -0.10294413622171D-13
   2   2   1   1  0.57788235791981D-01 -0.41268018500266D-16
   3   2   1   1  0.00000000000000D+00  0.00000000000000D+00
   1   3   1   1 -0.30254442311985D-01  0.14603886919091D-15
   2   3   1   1  0.15127221156028D-01 -0.24710503830178D-15
   3   3   1   1  0.00000000000000D+00  0.00000000000000D+00
   1   4   1   1 -0.26490754146653D+01 -0.58344298965648D-14
   2   4   1   1  0.13245377025696D+01 -0.13352914439100D-14
   3   4   1   1  0.00000000000000D+00  0.00000000000000D+00
   2   6   1   1  0.00000000000000D+00  0.00000000000000D+00
   3   6   1   1  0.00000000000000D+00  0.00000000000000D+00
   1   1   2   1 -0.14016328071630D+01  0.00000000000000D+00
   2   1   2   1  0.28032652138936D+01  0.00000000000000D+00
   3   1   2   1  0.00000000000000D+00  0.00000000000000D+00
   1   2   2   1  0.57788235172988D-01 -0.41268018500266D-16
   2   2   2   1 -0.11557647100541D+00  0.74239671103989D-14
   3   2   2   1  0.00000000000000D+00  0.00000000000000D+00
   1   3   2   1  0.15127221946266D-01 -0.24710503830178D-15
   2   3   2   1 -0.30254441448327D-01 -0.31204538985614D-15
   3   3   2   1  0.00000000000000D+00  0.00000000000000D+00
   1   4   2   1  0.13245377073326D+01 -0.13352914439100D-14
   2   4   2   1 -0.26490754155924D+01 -0.67217389887151D-15
   3   4   2   1  0.00000000000000D+00  0.00000000000000D+00
   1   6   2   1  0.00000000000000D+00  0.00000000000000D+00
   3   6   2   1  0.00000000000000D+00  0.00000000000000D+00
   1   1   3   1  0.00000000000000D+00  0.00000000000000D+00
   2   1   3   1  0.00000000000000D+00  0.00000000000000D+00
   3   1   3   1  0.11033388438074D+02  0.00000000000000D+00
   1   2   3   1  0.00000000000000D+00  0.00000000000000D+00
   2   2   3   1  0.00000000000000D+00  0.00000000000000D+00
   3   2   3   1 -0.47958636187143D+01 -0.31894726767201D-15
   1   3   3   1  0.00000000000000D+00  0.00000000000000D+00
   2   3   3   1  0.00000000000000D+00  0.00000000000000D+00
   3   3   3   1 -0.46653342432324D+01 -0.24973365217746D-13
   1   4   3   1  0.00000000000000D+00  0.00000000000000D+00
   2   4   3   1  0.00000000000000D+00  0.00000000000000D+00
   3   4   3   1 -0.15765479035202D+01 -0.75847707269414D-14
   1   1   1   2 -0.11557647034609D+00  0.10294413622171D-13
   2   1   1   2  0.57788235172988D-01  0.41268018500266D-16
   3   1   1   2  0.00000000000000D+00  0.00000000000000D+00
   1   2   1   2  0.28032652131697D+01  0.00000000000000D+00
   2   2   1   2 -0.14016328071630D+01  0.00000000000000D+00
   3   2   1   2  0.00000000000000D+00  0.00000000000000D+00
   1   3   1   2 -0.26490754146654D+01 -0.18979158348899D-14
   2   3   1   2  0.13245377073326D+01  0.24913956178607D-15
   3   3   1   2  0.00000000000000D+00  0.00000000000000D+00
   1   4   1   2 -0.30254442311977D-01  0.20347285389554D-14
   2   4   1   2  0.15127221946273D-01 -0.27894124286778D-16
   3   4   1   2  0.00000000000000D+00  0.00000000000000D+00
   2   6   1   2  0.00000000000000D+00  0.00000000000000D+00
   3   6   1   2  0.00000000000000D+00  0.00000000000000D+00
   1   1   2   2  0.57788235791981D-01  0.41268018500266D-16
   2   1   2   2 -0.11557647100541D+00 -0.74239671103989D-14
   3   1   2   2  0.00000000000000D+00  0.00000000000000D+00
   1   2   2   2 -0.14016328071630D+01  0.00000000000000D+00
   2   2   2   2  0.28032652139009D+01  0.00000000000000D+00
   3   2   2   2  0.00000000000000D+00  0.00000000000000D+00
   1   3   2   2  0.13245377025696D+01  0.24913956178607D-15
   2   3   2   2 -0.26490754155924D+01  0.92286298955429D-15
   3   3   2   2  0.00000000000000D+00  0.00000000000000D+00
   1   4   2   2  0.15127221156035D-01 -0.27894124286778D-16
   2   4   2   2 -0.30254441448306D-01  0.13959297500409D-14
   3   4   2   2  0.00000000000000D+00  0.00000000000000D+00
   1   6   2   2  0.00000000000000D+00  0.00000000000000D+00
   3   6   2   2  0.00000000000000D+00  0.00000000000000D+00
   1   1   3   2  0.00000000000000D+00  0.00000000000000D+00
   2   1   3   2  0.00000000000000D+00  0.00000000000000D+00
   3   1   3   2 -0.47958636187143D+01  0.31894726767201D-15
   1   2   3   2  0.00000000000000D+00  0.00000000000000D+00
   2   2   3   2  0.00000000000000D+00  0.00000000000000D+00
   3   2   3   2  0.11033388438074D+02  0.00000000000000D+00
   1   3   3   2  0.00000000000000D+00  0.00000000000000D+00
   2   3   3   2  0.00000000000000D+00  0.00000000000000D+00
   3   3   3   2 -0.15765479035203D+01  0.20034344852061D-13
   1   4   3   2  0.00000000000000D+00  0.00000000000000D+00
   2   4   3   2  0.00000000000000D+00  0.00000000000000D+00
   3   4   3   2 -0.46653342432325D+01 -0.92298361296717D-14
   1   1   1   3 -0.30254442311985D-01 -0.14603886919091D-15
   2   1   1   3  0.15127221946266D-01  0.24710503830178D-15
   3   1   1   3  0.00000000000000D+00  0.00000000000000D+00
   1   2   1   3 -0.26490754146654D+01  0.18979158348899D-14
   2   2   1   3  0.13245377025696D+01 -0.24913956178607D-15
   3   2   1   3  0.00000000000000D+00  0.00000000000000D+00
   1   3   1   3  0.30204595653208D+01  0.00000000000000D+00
   2   3   1   3 -0.15102247330137D+01  0.00000000000000D+00
   3   3   1   3  0.00000000000000D+00  0.00000000000000D+00
   1   4   1   3 -0.34612423676430D+00 -0.10937922309171D-14
   2   4   1   3  0.17306211854233D+00  0.15308768611897D-15
   3   4   1   3  0.00000000000000D+00  0.00000000000000D+00
   2   6   1   3  0.00000000000000D+00  0.00000000000000D+00
   3   6   1   3  0.00000000000000D+00  0.00000000000000D+00
   1   1   2   3  0.15127221156028D-01  0.24710503830178D-15
   2   1   2   3 -0.30254441448327D-01  0.31204538985614D-15
   3   1   2   3  0.00000000000000D+00  0.00000000000000D+00
   1   2   2   3  0.13245377073326D+01 -0.24913956178607D-15
   2   2   2   3 -0.26490754155924D+01 -0.92286298955429D-15
   3   2   2   3  0.00000000000000D+00  0.00000000000000D+00
   1   3   2   3 -0.15102247330137D+01  0.00000000000000D+00
   2   3   2   3  0.30204595654432D+01  0.00000000000000D+00
   3   3   2   3  0.00000000000000D+00  0.00000000000000D+00
   1   4   2   3  0.17306211838214D+00  0.15308768611897D-15
   2   4   2   3 -0.34612423682364D+00 -0.14070797918408D-15
   3   4   2   3  0.00000000000000D+00  0.00000000000000D+00
   1   6   2   3  0.00000000000000D+00  0.00000000000000D+00
   3   6   2   3  0.00000000000000D+00  0.00000000000000D+00
   1   1   3   3  0.00000000000000D+00  0.00000000000000D+00
   2   1   3   3  0.00000000000000D+00  0.00000000000000D+00
   3   1   3   3 -0.46653342432324D+01  0.24973365217746D-13
   1   2   3   3  0.00000000000000D+00  0.00000000000000D+00
   2   2   3   3  0.00000000000000D+00  0.00000000000000D+00
   3   2   3   3 -0.15765479035203D+01 -0.20034344852061D-13
   1   3   3   3  0.00000000000000D+00  0.00000000000000D+00
   2   3   3   3  0.00000000000000D+00  0.00000000000000D+00
   3   3   3   3  0.11213957127484D+02  0.00000000000000D+00
   1   4   3   3  0.00000000000000D+00  0.00000000000000D+00
   2   4   3   3  0.00000000000000D+00  0.00000000000000D+00
   3   4   3   3 -0.49502954639266D+01 -0.91789788840444D-16
   1   1   1   4 -0.26490754146653D+01  0.58344298965648D-14
   2   1   1   4  0.13245377073326D+01  0.13352914439100D-14
   3   1   1   4  0.00000000000000D+00  0.00000000000000D+00
   1   2   1   4 -0.30254442311977D-01 -0.20347285389554D-14
   2   2   1   4  0.15127221156035D-01  0.27894124286778D-16
   3   2   1   4  0.00000000000000D+00  0.00000000000000D+00
   1   3   1   4 -0.34612423676430D+00  0.10937922309171D-14
   2   3   1   4  0.17306211838214D+00 -0.15308768611897D-15
   3   3   1   4  0.00000000000000D+00  0.00000000000000D+00
   1   4   1   4  0.30204595653208D+01  0.00000000000000D+00
   2   4   1   4 -0.15102247330135D+01  0.00000000000000D+00
   3   4   1   4  0.00000000000000D+00  0.00000000000000D+00
   2   6   1   4  0.00000000000000D+00  0.00000000000000D+00
   3   6   1   4  0.00000000000000D+00  0.00000000000000D+00
   1   1   2   4  0.13245377025696D+01  0.13352914439100D-14
   2   1   2   4 -0.26490754155924D+01  0.67217389887151D-15
   3   1   2   4  0.00000000000000D+00  0.00000000000000D+00
   1   2   2   4  0.15127221946273D-01  0.27894124286778D-16
   2   2   2   4 -0.30254441448306D-01 -0.13959297500409D-14
   3   2   2   4  0.00000000000000D+00  0.00000000000000D+00
   1   3   2   4  0.17306211854233D+00 -0.15308768611897D-15
   2   3   2   4 -0.34612423682364D+00  0.14070797918408D-15
   3   3   2   4  0.00000000000000D+00  0.00000000000000D+00
   1   4   2   4 -0.15102247330137D+01  0.00000000000000D+00
   2   4   2   4  0.30204595654432D+01  0.00000000000000D+00
   3   4   2   4  0.00000000000000D+00  0.00000000000000D+00
   1   6   2   4  0.00000000000000D+00  0.00000000000000D+00
   3   6   2   4  0.00000000000000D+00  0.00000000000000D+00
   1   1   3   4  0.00000000000000D+00  0.00000000000000D+00
   2   1   3   4  0.00000000000000D+00  0.00000000000000D+00
   3   1   3   4 -0.15765479035202D+01  0.75847707269414D-14
   1   2   3   4  0.00000000000000D+00  0.00000000000000D+00
   2   2   3   4  0.00000000000000D+00  0.00000000000000D+00
   3   2   3   4 -0.46653342432325D+01  0.92298361296717D-14
   1   3   3   4  0.00000000000000D+00  0.00000000000000D+00
   2   3   3   4  0.00000000000000D+00  0.00000000000000D+00
   3   3   3   4 -0.49502954639266D+01  0.91789788840444D-16
   1   4   3   4  0.00000000000000D+00  0.00000000000000D+00
   2   4   3   4  0.00000000000000D+00  0.00000000000000D+00
   3   4   3   4  0.11213957127484D+02  0.00000000000000D+00
   2   1   1   6  0.00000000000000D+00  0.00000000000000D+00
   2   2   1   6  0.00000000000000D+00  0.00000000000000D+00
   2   3   1   6  0.00000000000000D+00  0.00000000000000D+00
   2   4   1   6  0.00000000000000D+00  0.00000000000000D+00
   3   6   1   6  0.00000000000000D+00  0.00000000000000D+00
   1   1   2   6  0.00000000000000D+00  0.00000000000000D+00
   1   2   2   6  0.00000000000000D+00  0.00000000000000D+00
   1   3   2   6  0.00000000000000D+00  0.00000000000000D+00
   1   4   2   6  0.00000000000000D+00  0.00000000000000D+00
   3   6   2   6  0.00000000000000D+00  0.00000000000000D+00
   1   1   3   6  0.00000000000000D+00  0.00000000000000D+00
   2   1   3   6  0.00000000000000D+00  0.00000000000000D+00
   1   2   3   6  0.00000000000000D+00  0.00000000000000D+00
   2   2   3   6  0.00000000000000D+00  0.00000000000000D+00
   1   3   3   6  0.00000000000000D+00  0.00000000000000D+00
   2   3   3   6  0.00000000000000D+00  0.00000000000000D+00
   1   4   3   6  0.00000000000000D+00  0.00000000000000D+00
   2   4   3   6  0.00000000000000D+00  0.00000000000000D+00
   1   6   3   6  0.00000000000000D+00  0.00000000000000D+00
   2   6   3   6  0.00000000000000D+00  0.00000000000000D+00
   1   1   1   7  0.13162080320922D-06  0.00000000000000D+00
   2   1   1   7  0.68118778353087D+00  0.00000000000000D+00
   3   1   1   7  0.80031834111661D+00  0.00000000000000D+00
   1   2   1   7 -0.42314051576672D-07  0.00000000000000D+00
   2   2   1   7 -0.68118786430165D+00  0.00000000000000D+00
   3   2   1   7  0.80031834123555D+00  0.00000000000000D+00
   1   3   1   7  0.41494077755486D-08  0.00000000000000D+00
   2   3   1   7  0.78200593614163D+00  0.00000000000000D+00
   3   3   1   7 -0.80029167360269D+00  0.00000000000000D+00
   1   4   1   7  0.77376446598215D-08  0.00000000000000D+00
   2   4   1   7 -0.78200594569108D+00  0.00000000000000D+00
   3   4   1   7 -0.80029167339888D+00  0.00000000000000D+00
   1   7   1   7  0.28873407359779D+01  0.00000000000000D+00
   2   7   1   7  0.10046604004452D+01  0.00000000000000D+00
   3   7   1   7  0.73291483414084D+00  0.00000000000000D+00
   1   8   1   7  0.86771864032444D-10  0.00000000000000D+00
   2   8   1   7  0.16409296435373D-09  0.00000000000000D+00
   3   8   1   7  0.45877727004323D-06  0.00000000000000D+00
   1   1   2   7  0.11650310158953D-06  0.00000000000000D+00
   2   1   2   7 -0.68118792442695D+00  0.00000000000000D+00
   3   1   2   7  0.80031846286239D+00  0.00000000000000D+00
   1   2   2   7  0.10080089449738D-06  0.00000000000000D+00
   2   2   2   7  0.68118780110970D+00  0.00000000000000D+00
   3   2   2   7  0.80031846339782D+00  0.00000000000000D+00
   1   3   2   7  0.31889559458451D-07  0.00000000000000D+00
   2   3   2   7 -0.78200602632034D+00  0.00000000000000D+00
   3   3   2   7 -0.80029166453096D+00  0.00000000000000D+00
   1   4   2   7 -0.23845234385053D-08  0.00000000000000D+00
   2   4   2   7  0.78200601067560D+00  0.00000000000000D+00
   3   4   2   7 -0.80029166429144D+00  0.00000000000000D+00
   1   7   2   7  0.10046604009087D+01  0.00000000000000D+00
   2   7   2   7  0.28873424276519D+01  0.00000000000000D+00
   3   7   2   7  0.73291485173400D+00  0.00000000000000D+00
   1   8   2   7  0.24651371267293D-09  0.00000000000000D+00
   2   8   2   7  0.35792610119149D-10  0.00000000000000D+00
   3   8   2   7  0.13417152699273D-05  0.00000000000000D+00
   1   1   3   7  0.10501608328130D-06  0.00000000000000D+00
   2   1   3   7 -0.68364450549770D-07  0.00000000000000D+00
   3   1   3   7 -0.15851212187396D+01  0.00000000000000D+00
   1   2   3   7  0.11217026706989D-06  0.00000000000000D+00
   2   2   3   7 -0.75944158504099D-07  0.00000000000000D+00
   3   2   3   7 -0.15851212189683D+01  0.00000000000000D+00
   1   3   3   7  0.14398860066952D-07  0.00000000000000D+00
   2   3   3   7 -0.86699844072402D-08  0.00000000000000D+00
   3   3   3   7  0.15829521714356D+01  0.00000000000000D+00
   1   4   3   7  0.15077673823321D-07  0.00000000000000D+00
   2   4   3   7 -0.96426371877142D-08  0.00000000000000D+00
   3   4   3   7  0.15829521716331D+01  0.00000000000000D+00
   1   7   3   7  0.73291470224009D+00  0.00000000000000D+00
   2   7   3   7  0.73291470988076D+00  0.00000000000000D+00
   3   7   3   7  0.31135899473277D+01  0.00000000000000D+00
   1   8   3   7  0.97121426075266D-10  0.00000000000000D+00
   2   8   3   7  0.10300775232622D-09  0.00000000000000D+00
   3   8   3   7  0.95411621651548D-08  0.00000000000000D+00
   1   1   1   8  0.23031382566147D-08  0.00000000000000D+00
   2   1   1   8  0.42883010368978D+00  0.00000000000000D+00
   3   1   1   8 -0.14223028523600D-07  0.00000000000000D+00
   1   2   1   8  0.21072471708273D-08  0.00000000000000D+00
   2   2   1   8  0.42883010316613D+00  0.00000000000000D+00
   3   2   1   8  0.61623831706226D-07  0.00000000000000D+00
   1   3   1   8  0.20003339390113D-09  0.00000000000000D+00
   2   3   1   8 -0.42882941115214D+00  0.00000000000000D+00
   3   3   1   8  0.17177042685199D-08  0.00000000000000D+00
   1   4   1   8  0.19889279691648D-09  0.00000000000000D+00
   2   4   1   8 -0.42882941119402D+00  0.00000000000000D+00
   3   4   1   8  0.32164217788171D-08  0.00000000000000D+00
   1   7   1   8  0.94449067805040D-08  0.00000000000000D+00
   2   7   1   8  0.94751499874974D-08  0.00000000000000D+00
   3   7   1   8  0.94632621329121D-08  0.00000000000000D+00
   1   8   1   8  0.58719080699683D+00  0.00000000000000D+00
   2   8   1   8  0.18029446806516D-07  0.00000000000000D+00
   3   8   1   8  0.39177116299870D-10  0.00000000000000D+00
   1   1   2   8  0.49517059505678D+00  0.00000000000000D+00
   2   1   2   8 -0.24758528864762D+00  0.00000000000000D+00
   3   1   2   8 -0.82071449034844D-07  0.00000000000000D+00
   1   2   2   8  0.49517059431729D+00  0.00000000000000D+00
   2   2   2   8 -0.24758530221893D+00  0.00000000000000D+00
   3   2   2   8 -0.87983003715600D-07  0.00000000000000D+00
   1   3   2   8 -0.49516952252488D+00  0.00000000000000D+00
   2   3   2   8  0.24758476191735D+00  0.00000000000000D+00
   3   3   2   8 -0.11734171985727D-07  0.00000000000000D+00
   1   4   2   8 -0.49516952250964D+00  0.00000000000000D+00
   2   4   2   8  0.24758476092892D+00  0.00000000000000D+00
   3   4   2   8 -0.13587760323743D-07  0.00000000000000D+00
   1   7   2   8 -0.85278304587820D-07  0.00000000000000D+00
   2   7   2   8 -0.85800953457482D-07  0.00000000000000D+00
   3   7   2   8 -0.84620124218509D-07  0.00000000000000D+00
   1   8   2   8  0.18029443049574D-07  0.00000000000000D+00
   2   8   2   8  0.58719078502236D+00  0.00000000000000D+00
   3   8   2   8  0.75491420786151D-10  0.00000000000000D+00
   1   1   3   8  0.78656788801106D+00  0.00000000000000D+00
   2   1   3   8 -0.39328396859454D+00  0.00000000000000D+00
   3   1   3   8  0.34318935329545D-07  0.00000000000000D+00
   1   2   3   8 -0.78656787635175D+00  0.00000000000000D+00
   2   2   3   8  0.39328390760000D+00  0.00000000000000D+00
   3   2   3   8  0.34053932681183D-07  0.00000000000000D+00
   1   3   3   8  0.90298279010745D+00  0.00000000000000D+00
   2   3   3   8 -0.45149142524287D+00  0.00000000000000D+00
   3   3   3   8 -0.67319949811063D-07  0.00000000000000D+00
   1   4   3   8 -0.90298278829516D+00  0.00000000000000D+00
   2   4   3   8  0.45149141665745D+00  0.00000000000000D+00
   3   4   3   8 -0.67345409750851D-07  0.00000000000000D+00
   1   7   3   8  0.42264949140688D-06  0.00000000000000D+00
   2   7   3   8  0.11030883995231D-05  0.00000000000000D+00
   3   7   3   8  0.47225540509734D-07  0.00000000000000D+00
   1   8   3   8  0.39173762771280D-10  0.00000000000000D+00
   2   8   3   8  0.75491607750207D-10  0.00000000000000D+00
   3   8   3   8  0.94134097864242D+00  0.00000000000000D+00
