
 **** DERIVATIVE DATABASE ****    
+DDB, Version number  20230401

  Note : temporary (transfer) database

    usepaw         0
     natom         2
      nkpt        29
    nsppol         1
      nsym        48
    ntypat         1
    occopt         1
     nband         4
     acell  0.10000000000000D+01  0.10000000000000D+01  0.10000000000000D+01
       amu  0.28085500000000D+02
   dilatmx  0.10000000000000D+01
      ecut  0.20000000000000D+02
    ecutsm  0.10000000000000D+01
     intxc         0
      iscf         7
       ixc   -116133
       kpt  0.00000000000000D+00  0.00000000000000D+00  0.00000000000000D+00
            0.12500000000000D+00  0.00000000000000D+00  0.00000000000000D+00
            0.25000000000000D+00  0.00000000000000D+00  0.00000000000000D+00
            0.37500000000000D+00  0.00000000000000D+00  0.00000000000000D+00
            0.50000000000000D+00  0.00000000000000D+00  0.00000000000000D+00
            0.12500000000000D+00  0.12500000000000D+00  0.00000000000000D+00
            0.25000000000000D+00  0.12500000000000D+00  0.00000000000000D+00
            0.37500000000000D+00  0.12500000000000D+00  0.00000000000000D+00
            0.50000000000000D+00  0.12500000000000D+00  0.00000000000000D+00
           -0.37500000000000D+00  0.12500000000000D+00  0.00000000000000D+00
           -0.25000000000000D+00  0.12500000000000D+00  0.00000000000000D+00
           -0.12500000000000D+00  0.12500000000000D+00  0.00000000000000D+00
            0.25000000000000D+00  0.25000000000000D+00  0.00000000000000D+00
            0.37500000000000D+00  0.25000000000000D+00  0.00000000000000D+00
            0.50000000000000D+00  0.25000000000000D+00  0.00000000000000D+00
           -0.37500000000000D+00  0.25000000000000D+00  0.00000000000000D+00
           -0.25000000000000D+00  0.25000000000000D+00  0.00000000000000D+00
            0.37500000000000D+00  0.37500000000000D+00  0.00000000000000D+00
            0.50000000000000D+00  0.37500000000000D+00  0.00000000000000D+00
           -0.37500000000000D+00  0.37500000000000D+00  0.00000000000000D+00
            0.50000000000000D+00  0.50000000000000D+00  0.00000000000000D+00
            0.37500000000000D+00  0.25000000000000D+00  0.12500000000000D+00
            0.50000000000000D+00  0.25000000000000D+00  0.12500000000000D+00
           -0.37500000000000D+00  0.25000000000000D+00  0.12500000000000D+00
            0.50000000000000D+00  0.37500000000000D+00  0.12500000000000D+00
           -0.37500000000000D+00  0.37500000000000D+00  0.12500000000000D+00
           -0.25000000000000D+00  0.37500000000000D+00  0.12500000000000D+00
           -0.37500000000000D+00  0.50000000000000D+00  0.12500000000000D+00
           -0.25000000000000D+00  0.50000000000000D+00  0.25000000000000D+00
    kptnrm  0.10000000000000D+01
     ngfft        30   30   30
    nspden         1
   nspinor         1
       occ  0.20000000000000D+01  0.20000000000000D+01  0.20000000000000D+01
            0.20000000000000D+01
     rprim  0.00000000000000D+00  0.51574123662000D+01  0.51574123662000D+01
            0.51574123662000D+01  0.00000000000000D+00  0.51574123662000D+01
            0.51574123662000D+01  0.51574123662000D+01  0.00000000000000D+00
  dfpt_sciss  0.00000000000000D+00
    spinat  0.00000000000000D+00  0.00000000000000D+00  0.00000000000000D+00
            0.00000000000000D+00  0.00000000000000D+00  0.00000000000000D+00
    symafm         1    1    1    1    1    1    1    1    1    1    1    1
                   1    1    1    1    1    1    1    1    1    1    1    1
                   1    1    1    1    1    1    1    1    1    1    1    1
                   1    1    1    1    1    1    1    1    1    1    1    1
    symrel         1    0    0    0    1    0    0    0    1
                  -1    0    0    0   -1    0    0    0   -1
                   0   -1    1    0   -1    0    1   -1    0
                   0    1   -1    0    1    0   -1    1    0
                  -1    0    0   -1    0    1   -1    1    0
                   1    0    0    1    0   -1    1   -1    0
                   0    1   -1    1    0   -1    0    0   -1
                   0   -1    1   -1    0    1    0    0    1
                  -1    0    0   -1    1    0   -1    0    1
                   1    0    0    1   -1    0    1    0   -1
                   0   -1    1    1   -1    0    0   -1    0
                   0    1   -1   -1    1    0    0    1    0
                   1    0    0    0    0    1    0    1    0
                  -1    0    0    0    0   -1    0   -1    0
                   0    1   -1    0    0   -1    1    0   -1
                   0   -1    1    0    0    1   -1    0    1
                  -1    0    1   -1    1    0   -1    0    0
                   1    0   -1    1   -1    0    1    0    0
                   0   -1    0    1   -1    0    0   -1    1
                   0    1    0   -1    1    0    0    1   -1
                   1    0   -1    0    0   -1    0    1   -1
                  -1    0    1    0    0    1    0   -1    1
                   0    1    0    0    0    1    1    0    0
                   0   -1    0    0    0   -1   -1    0    0
                   1    0   -1    0    1   -1    0    0   -1
                  -1    0    1    0   -1    1    0    0    1
                   0   -1    0    0   -1    1    1   -1    0
                   0    1    0    0    1   -1   -1    1    0
                  -1    0    1   -1    0    0   -1    1    0
                   1    0   -1    1    0    0    1   -1    0
                   0    1    0    1    0    0    0    0    1
                   0   -1    0   -1    0    0    0    0   -1
                   0    0   -1    0    1   -1    1    0   -1
                   0    0    1    0   -1    1   -1    0    1
                   1   -1    0    0   -1    1    0   -1    0
                  -1    1    0    0    1   -1    0    1    0
                   0    0    1    1    0    0    0    1    0
                   0    0   -1   -1    0    0    0   -1    0
                  -1    1    0   -1    0    0   -1    0    1
                   1   -1    0    1    0    0    1    0   -1
                   0    0    1    0    1    0    1    0    0
                   0    0   -1    0   -1    0   -1    0    0
                   1   -1    0    0   -1    0    0   -1    1
                  -1    1    0    0    1    0    0    1   -1
                   0    0   -1    1    0   -1    0    1   -1
                   0    0    1   -1    0    1    0   -1    1
                  -1    1    0   -1    0    1   -1    0    0
                   1   -1    0    1    0   -1    1    0    0
     tnons  0.00000000000000D+00  0.00000000000000D+00  0.00000000000000D+00
            0.25000000000000D+00  0.25000000000000D+00  0.25000000000000D+00
            0.00000000000000D+00  0.00000000000000D+00  0.00000000000000D+00
            0.25000000000000D+00  0.25000000000000D+00  0.25000000000000D+00
            0.00000000000000D+00  0.00000000000000D+00  0.00000000000000D+00
            0.25000000000000D+00  0.25000000000000D+00  0.25000000000000D+00
            0.00000000000000D+00  0.00000000000000D+00  0.00000000000000D+00
            0.25000000000000D+00  0.25000000000000D+00  0.25000000000000D+00
            0.00000000000000D+00  0.00000000000000D+00  0.00000000000000D+00
            0.25000000000000D+00  0.25000000000000D+00  0.25000000000000D+00
            0.00000000000000D+00  0.00000000000000D+00  0.00000000000000D+00
            0.25000000000000D+00  0.25000000000000D+00  0.25000000000000D+00
            0.00000000000000D+00  0.00000000000000D+00  0.00000000000000D+00
            0.25000000000000D+00  0.25000000000000D+00  0.25000000000000D+00
            0.00000000000000D+00  0.00000000000000D+00  0.00000000000000D+00
            0.25000000000000D+00  0.25000000000000D+00  0.25000000000000D+00
            0.00000000000000D+00  0.00000000000000D+00  0.00000000000000D+00
            0.25000000000000D+00  0.25000000000000D+00  0.25000000000000D+00
            0.00000000000000D+00  0.00000000000000D+00  0.00000000000000D+00
            0.25000000000000D+00  0.25000000000000D+00  0.25000000000000D+00
            0.00000000000000D+00  0.00000000000000D+00  0.00000000000000D+00
            0.25000000000000D+00  0.25000000000000D+00  0.25000000000000D+00
            0.00000000000000D+00  0.00000000000000D+00  0.00000000000000D+00
            0.25000000000000D+00  0.25000000000000D+00  0.25000000000000D+00
            0.00000000000000D+00  0.00000000000000D+00  0.00000000000000D+00
            0.25000000000000D+00  0.25000000000000D+00  0.25000000000000D+00
            0.00000000000000D+00  0.00000000000000D+00  0.00000000000000D+00
            0.25000000000000D+00  0.25000000000000D+00  0.25000000000000D+00
            0.00000000000000D+00  0.00000000000000D+00  0.00000000000000D+00
            0.25000000000000D+00  0.25000000000000D+00  0.25000000000000D+00
            0.00000000000000D+00  0.00000000000000D+00  0.00000000000000D+00
            0.25000000000000D+00  0.25000000000000D+00  0.25000000000000D+00
            0.00000000000000D+00  0.00000000000000D+00  0.00000000000000D+00
            0.25000000000000D+00  0.25000000000000D+00  0.25000000000000D+00
            0.00000000000000D+00  0.00000000000000D+00  0.00000000000000D+00
            0.25000000000000D+00  0.25000000000000D+00  0.25000000000000D+00
            0.00000000000000D+00  0.00000000000000D+00  0.00000000000000D+00
            0.25000000000000D+00  0.25000000000000D+00  0.25000000000000D+00
            0.00000000000000D+00  0.00000000000000D+00  0.00000000000000D+00
            0.25000000000000D+00  0.25000000000000D+00  0.25000000000000D+00
            0.00000000000000D+00  0.00000000000000D+00  0.00000000000000D+00
            0.25000000000000D+00  0.25000000000000D+00  0.25000000000000D+00
            0.00000000000000D+00  0.00000000000000D+00  0.00000000000000D+00
            0.25000000000000D+00  0.25000000000000D+00  0.25000000000000D+00
            0.00000000000000D+00  0.00000000000000D+00  0.00000000000000D+00
            0.25000000000000D+00  0.25000000000000D+00  0.25000000000000D+00
            0.00000000000000D+00  0.00000000000000D+00  0.00000000000000D+00
            0.25000000000000D+00  0.25000000000000D+00  0.25000000000000D+00
    tolwfr  0.10000000000000D+01
   tphysel  0.00000000000000D+00
    tsmear  0.10000000000000D-01
     typat         1    1
       wtk  0.19531250000000D-02  0.15625000000000D-01  0.15625000000000D-01
            0.15625000000000D-01  0.78125000000000D-02  0.11718750000000D-01
            0.46875000000000D-01  0.46875000000000D-01  0.46875000000000D-01
            0.46875000000000D-01  0.46875000000000D-01  0.23437500000000D-01
            0.11718750000000D-01  0.46875000000000D-01  0.46875000000000D-01
            0.46875000000000D-01  0.23437500000000D-01  0.11718750000000D-01
            0.46875000000000D-01  0.23437500000000D-01  0.58593750000000D-02
            0.46875000000000D-01  0.93750000000000D-01  0.46875000000000D-01
            0.46875000000000D-01  0.93750000000000D-01  0.46875000000000D-01
            0.23437500000000D-01  0.11718750000000D-01
      xred  0.00000000000000D+00  0.00000000000000D+00  0.00000000000000D+00
            0.25000000000000D+00  0.25000000000000D+00  0.25000000000000D+00
     znucl  0.14000000000000D+02
      zion  0.40000000000000D+01
 
 No information on the potentials yet 
 
 **** Database of total energy derivatives ****
 Number of data blocks=    2
  
 1st derivatives              - # elements :      12
   1   1  0.00000000000000D+00  0.00000000000000D+00
   2   1  0.00000000000000D+00  0.00000000000000D+00
   3   1  0.11832913578315D-29  0.00000000000000D+00
   1   2  0.00000000000000D+00  0.00000000000000D+00
   2   2  0.00000000000000D+00  0.00000000000000D+00
   3   2  0.00000000000000D+00  0.00000000000000D+00
   1   5  0.45757686775499D-04  0.00000000000000D+00
   2   5  0.45757686775499D-04  0.00000000000000D+00
   3   5  0.45757686775498D-04  0.00000000000000D+00
   1   6  0.00000000000000D+00  0.00000000000000D+00
   2   6  0.00000000000000D+00  0.00000000000000D+00
   3   6  0.00000000000000D+00  0.00000000000000D+00
  
 Total energy                 - # elements :       1
 -0.84627823996583D+01  0.00000000000000D+00
