
 **** DERIVATIVE DATABASE ****    
+DDB, Version number  20230401

  Note : temporary (transfer) database

    usepaw         0
     natom         4
      nkpt        21
    nsppol         1
      nsym        12
    ntypat         2
    occopt         1
     nband        26
     acell  0.10000000000000D+01  0.10000000000000D+01  0.10000000000000D+01
       amu  0.65390000000000D+02  0.15999400000000D+02
   dilatmx  0.10000000000000D+01
      ecut  0.42000000000000D+02
    ecutsm  0.10000000000000D+01
     intxc         0
      iscf         7
       ixc   -116133
       kpt  0.00000000000000D+00  0.00000000000000D+00  0.00000000000000D+00
            0.16666666666667D+00  0.00000000000000D+00  0.00000000000000D+00
            0.33333333333333D+00  0.00000000000000D+00  0.00000000000000D+00
            0.50000000000000D+00  0.00000000000000D+00  0.00000000000000D+00
            0.16666666666667D+00  0.16666666666667D+00  0.00000000000000D+00
            0.33333333333333D+00  0.16666666666667D+00  0.00000000000000D+00
            0.33333333333333D+00  0.33333333333333D+00  0.00000000000000D+00
            0.00000000000000D+00  0.00000000000000D+00  0.25000000000000D+00
            0.16666666666667D+00  0.00000000000000D+00  0.25000000000000D+00
            0.33333333333333D+00  0.00000000000000D+00  0.25000000000000D+00
            0.50000000000000D+00  0.00000000000000D+00  0.25000000000000D+00
            0.16666666666667D+00  0.16666666666667D+00  0.25000000000000D+00
            0.33333333333333D+00  0.16666666666667D+00  0.25000000000000D+00
            0.33333333333333D+00  0.33333333333333D+00  0.25000000000000D+00
            0.00000000000000D+00  0.00000000000000D+00  0.50000000000000D+00
            0.16666666666667D+00  0.00000000000000D+00  0.50000000000000D+00
            0.33333333333333D+00  0.00000000000000D+00  0.50000000000000D+00
            0.50000000000000D+00  0.00000000000000D+00  0.50000000000000D+00
            0.16666666666667D+00  0.16666666666667D+00  0.50000000000000D+00
            0.33333333333333D+00  0.16666666666667D+00  0.50000000000000D+00
            0.33333333333333D+00  0.33333333333333D+00  0.50000000000000D+00
    kptnrm  0.10000000000000D+01
     ngfft        40   40   60
    nspden         1
   nspinor         1
       occ  0.20000000000000D+01  0.20000000000000D+01  0.20000000000000D+01
            0.20000000000000D+01  0.20000000000000D+01  0.20000000000000D+01
            0.20000000000000D+01  0.20000000000000D+01  0.20000000000000D+01
            0.20000000000000D+01  0.20000000000000D+01  0.20000000000000D+01
            0.20000000000000D+01  0.20000000000000D+01  0.20000000000000D+01
            0.20000000000000D+01  0.20000000000000D+01  0.20000000000000D+01
            0.20000000000000D+01  0.20000000000000D+01  0.20000000000000D+01
            0.20000000000000D+01  0.20000000000000D+01  0.20000000000000D+01
            0.20000000000000D+01  0.20000000000000D+01
     rprim  0.61892100212000D+01  0.00000000000000D+00  0.00000000000000D+00
           -0.30946050106000D+01  0.53600131077000D+01  0.00000000000000D+00
            0.00000000000000D+00  0.00000000000000D+00  0.99854065782000D+01
  dfpt_sciss  0.00000000000000D+00
    spinat  0.00000000000000D+00  0.00000000000000D+00  0.00000000000000D+00
            0.00000000000000D+00  0.00000000000000D+00  0.00000000000000D+00
            0.00000000000000D+00  0.00000000000000D+00  0.00000000000000D+00
            0.00000000000000D+00  0.00000000000000D+00  0.00000000000000D+00
    symafm         1    1    1    1    1    1    1    1    1    1    1    1
    symrel         1    0    0    0    1    0    0    0    1
                   0    1    0    1    0    0    0    0    1
                   1    1    0   -1    0    0    0    0    1
                  -1    0    0    1    1    0    0    0    1
                   0    1    0   -1   -1    0    0    0    1
                  -1   -1    0    0    1    0    0    0    1
                  -1    0    0    0   -1    0    0    0    1
                   0   -1    0   -1    0    0    0    0    1
                  -1   -1    0    1    0    0    0    0    1
                   1    0    0   -1   -1    0    0    0    1
                   0   -1    0    1    1    0    0    0    1
                   1    1    0    0   -1    0    0    0    1
     tnons  0.00000000000000D+00  0.00000000000000D+00  0.00000000000000D+00
            0.33333333330000D+00 -0.33333333330000D+00  0.50000000000000D+00
            0.33333333335000D+00 -0.33333333330000D+00  0.50000000000000D+00
           -0.50000018014806D-10  0.00000000000000D+00  0.00000000000000D+00
           -0.27755575615629D-16  0.49999990259231D-10  0.00000000000000D+00
            0.33333333330000D+00 -0.33333333335000D+00  0.50000000000000D+00
            0.33333333330000D+00 -0.33333333330000D+00  0.50000000000000D+00
           -0.27755575615629D-16 -0.27755575615629D-16  0.00000000000000D+00
           -0.50000018014806D-10 -0.27755575615629D-16  0.00000000000000D+00
            0.33333333335000D+00 -0.33333333330000D+00  0.50000000000000D+00
            0.33333333330000D+00 -0.33333333335000D+00  0.50000000000000D+00
            0.00000000000000D+00  0.49999990259231D-10  0.00000000000000D+00
    tolwfr  0.10000000000000D+01
   tphysel  0.00000000000000D+00
    tsmear  0.10000000000000D-01
     typat         1    1    2    2
       wtk  0.69444444444444D-02  0.41666666666667D-01  0.41666666666667D-01
            0.20833333333333D-01  0.41666666666667D-01  0.83333333333333D-01
            0.13888888888889D-01  0.13888888888889D-01  0.83333333333333D-01
            0.83333333333333D-01  0.41666666666667D-01  0.83333333333333D-01
            0.16666666666667D+00  0.27777777777778D-01  0.69444444444444D-02
            0.41666666666667D-01  0.41666666666667D-01  0.20833333333333D-01
            0.41666666666667D-01  0.83333333333333D-01  0.13888888888889D-01
      xred -0.16666681923461D-10  0.16666654167885D-10  0.91285330000003D-03
            0.33333333331667D+00  0.66666666668333D+00  0.50091285330000D+00
           -0.16666681923461D-10  0.16666654167885D-10  0.38009350881900D+00
            0.33333333331667D+00  0.66666666668333D+00  0.88009350881900D+00
     znucl  0.30000000000000D+02  0.80000000000000D+01
      zion  0.20000000000000D+02  0.60000000000000D+01
 
 No information on the potentials yet 
 
 **** Database of total energy derivatives ****
 Number of data blocks=    2
  
 1st derivatives              - # elements :      18
   1   1 -0.21541161785235D-26  0.00000000000000D+00
   2   1  0.21541161785235D-26  0.00000000000000D+00
   3   1 -0.89995563374817D-04  0.00000000000000D+00
   1   2 -0.21541161785235D-26  0.00000000000000D+00
   2   2  0.00000000000000D+00  0.00000000000000D+00
   3   2 -0.89995563374817D-04  0.00000000000000D+00
   1   3  0.10770580892618D-26  0.00000000000000D+00
   2   3  0.00000000000000D+00  0.00000000000000D+00
   3   3 -0.85837962359867D-04  0.00000000000000D+00
   1   4  0.00000000000000D+00  0.00000000000000D+00
   2   4  0.21541161785235D-26  0.00000000000000D+00
   3   4 -0.85837962359867D-04  0.00000000000000D+00
   1   7  0.20050961025459D-03  0.00000000000000D+00
   2   7  0.20050961044636D-03  0.00000000000000D+00
   3   7  0.19968657907805D-03  0.00000000000000D+00
   1   8  0.00000000000000D+00  0.00000000000000D+00
   2   8  0.00000000000000D+00  0.00000000000000D+00
   3   8  0.00000000000000D+00  0.00000000000000D+00
  
 Total energy                 - # elements :       1
 -0.45085576120908D+03  0.00000000000000D+00
