
 **** DERIVATIVE DATABASE ****    
+DDB, Version number  20230401

 DDB file merged by ElasticWork on Thu Jun 19 00:12:39 2025

    usepaw         0
     natom         4
      nkpt        21
    nsppol         1
      nsym        12
    ntypat         2
    occopt         1
     nband        26
     acell  0.10000000000000D+01  0.10000000000000D+01  0.10000000000000D+01
       amu  0.65390000000000D+02  0.15999400000000D+02
   dilatmx  0.10000000000000D+01
      ecut  0.42000000000000D+02
    ecutsm  0.10000000000000D+01
     intxc         0
      iscf         7
       ixc   -116133
       kpt  0.00000000000000D+00  0.00000000000000D+00  0.00000000000000D+00
            0.16666666666667D+00  0.00000000000000D+00  0.00000000000000D+00
            0.33333333333333D+00  0.00000000000000D+00  0.00000000000000D+00
            0.50000000000000D+00  0.00000000000000D+00  0.00000000000000D+00
            0.16666666666667D+00  0.16666666666667D+00  0.00000000000000D+00
            0.33333333333333D+00  0.16666666666667D+00  0.00000000000000D+00
            0.33333333333333D+00  0.33333333333333D+00  0.00000000000000D+00
            0.00000000000000D+00  0.00000000000000D+00  0.25000000000000D+00
            0.16666666666667D+00  0.00000000000000D+00  0.25000000000000D+00
            0.33333333333333D+00  0.00000000000000D+00  0.25000000000000D+00
            0.50000000000000D+00  0.00000000000000D+00  0.25000000000000D+00
            0.16666666666667D+00  0.16666666666667D+00  0.25000000000000D+00
            0.33333333333333D+00  0.16666666666667D+00  0.25000000000000D+00
            0.33333333333333D+00  0.33333333333333D+00  0.25000000000000D+00
            0.00000000000000D+00  0.00000000000000D+00  0.50000000000000D+00
            0.16666666666667D+00  0.00000000000000D+00  0.50000000000000D+00
            0.33333333333333D+00  0.00000000000000D+00  0.50000000000000D+00
            0.50000000000000D+00  0.00000000000000D+00  0.50000000000000D+00
            0.16666666666667D+00  0.16666666666667D+00  0.50000000000000D+00
            0.33333333333333D+00  0.16666666666667D+00  0.50000000000000D+00
            0.33333333333333D+00  0.33333333333333D+00  0.50000000000000D+00
    kptnrm  0.10000000000000D+01
     ngfft        36   36   60
    nspden         1
   nspinor         1
       occ  0.20000000000000D+01  0.20000000000000D+01  0.20000000000000D+01
            0.20000000000000D+01  0.20000000000000D+01  0.20000000000000D+01
            0.20000000000000D+01  0.20000000000000D+01  0.20000000000000D+01
            0.20000000000000D+01  0.20000000000000D+01  0.20000000000000D+01
            0.20000000000000D+01  0.20000000000000D+01  0.20000000000000D+01
            0.20000000000000D+01  0.20000000000000D+01  0.20000000000000D+01
            0.20000000000000D+01  0.20000000000000D+01  0.20000000000000D+01
            0.20000000000000D+01  0.20000000000000D+01  0.20000000000000D+01
            0.20000000000000D+01  0.20000000000000D+01
     rprim  0.60196104956000D+01  0.00000000000000D+00  0.00000000000000D+00
           -0.30098052478000D+01  0.52131356101000D+01  0.00000000000000D+00
            0.00000000000000D+00  0.00000000000000D+00  0.96922806524000D+01
  dfpt_sciss  0.00000000000000D+00
    spinat  0.00000000000000D+00  0.00000000000000D+00  0.00000000000000D+00
            0.00000000000000D+00  0.00000000000000D+00  0.00000000000000D+00
            0.00000000000000D+00  0.00000000000000D+00  0.00000000000000D+00
            0.00000000000000D+00  0.00000000000000D+00  0.00000000000000D+00
    symafm         1    1    1    1    1    1    1    1    1    1    1    1
    symrel         1    0    0    0    1    0    0    0    1
                   0    1    0    1    0    0    0    0    1
                   1    1    0   -1    0    0    0    0    1
                  -1    0    0    1    1    0    0    0    1
                   0    1    0   -1   -1    0    0    0    1
                  -1   -1    0    0    1    0    0    0    1
                  -1    0    0    0   -1    0    0    0    1
                   0   -1    0   -1    0    0    0    0    1
                  -1   -1    0    1    0    0    0    0    1
                   1    0    0   -1   -1    0    0    0    1
                   0   -1    0    1    1    0    0    0    1
                   1    1    0    0   -1    0    0    0    1
     tnons  0.00000000000000D+00  0.00000000000000D+00  0.00000000000000D+00
            0.33333333330000D+00 -0.33333333330000D+00  0.50000000000000D+00
            0.33333333335000D+00 -0.33333333330000D+00  0.50000000000000D+00
           -0.50000018014806D-10  0.00000000000000D+00  0.00000000000000D+00
           -0.27755575615629D-16  0.49999990259231D-10  0.00000000000000D+00
            0.33333333330000D+00 -0.33333333335000D+00  0.50000000000000D+00
            0.33333333330000D+00 -0.33333333330000D+00  0.50000000000000D+00
           -0.27755575615629D-16 -0.27755575615629D-16  0.00000000000000D+00
           -0.50000018014806D-10 -0.27755575615629D-16  0.00000000000000D+00
            0.33333333335000D+00 -0.33333333330000D+00  0.50000000000000D+00
            0.33333333330000D+00 -0.33333333335000D+00  0.50000000000000D+00
            0.00000000000000D+00  0.49999990259231D-10  0.00000000000000D+00
    tolwfr  0.10000000000000D+01
   tphysel  0.00000000000000D+00
    tsmear  0.10000000000000D-01
     typat         1    1    2    2
       wtk  0.69444444444444D-02  0.41666666666667D-01  0.41666666666667D-01
            0.20833333333333D-01  0.41666666666667D-01  0.83333333333333D-01
            0.13888888888889D-01  0.13888888888889D-01  0.83333333333333D-01
            0.83333333333333D-01  0.41666666666667D-01  0.83333333333333D-01
            0.16666666666667D+00  0.27777777777778D-01  0.69444444444444D-02
            0.41666666666667D-01  0.41666666666667D-01  0.20833333333333D-01
            0.41666666666667D-01  0.83333333333333D-01  0.13888888888889D-01
      xred -0.16666681923461D-10  0.16666654167885D-10  0.69141900000002D-03
            0.33333333331667D+00  0.66666666668333D+00  0.50069141900000D+00
           -0.16666681923461D-10  0.16666654167885D-10  0.38031494310818D+00
            0.33333333331667D+00  0.66666666668333D+00  0.88031494310819D+00
     znucl  0.30000000000000D+02  0.80000000000000D+01
      zion  0.20000000000000D+02  0.60000000000000D+01
 
  Description of the potentials (KB energies)
  vrsio8 (for pseudopotentials)=100401
  usepaw =  0
  dimekb =  6       lmnmax=  6
  Atom type=    1   pspso=  0   nekb=   6
  iln lpsang iproj  ekb(:)
     1     0     1     2.8308354E+00  0.0000000E+00  0.0000000E+00  0.0000000E+00
                       0.0000000E+00  0.0000000E+00
     2     0     2     0.0000000E+00 -1.5191074E+00  0.0000000E+00  0.0000000E+00
                       0.0000000E+00  0.0000000E+00
     3     1     1     0.0000000E+00  0.0000000E+00 -4.6267394E+00  0.0000000E+00
                       0.0000000E+00  0.0000000E+00
     4     1     2     0.0000000E+00  0.0000000E+00  0.0000000E+00 -1.3241502E+00
                       0.0000000E+00  0.0000000E+00
     5     2     1     0.0000000E+00  0.0000000E+00  0.0000000E+00  0.0000000E+00
                      -6.9485096E+00  0.0000000E+00
     6     2     2     0.0000000E+00  0.0000000E+00  0.0000000E+00  0.0000000E+00
                      -6.9485096E+00  0.0000000E+00
  Atom type=    2   pspso=  0   nekb=   5
  iln lpsang iproj  ekb(:)
     1     0     1     6.0500315E+00  0.0000000E+00  0.0000000E+00  0.0000000E+00
                       0.0000000E+00
     2     0     2     0.0000000E+00  8.2036289E-01  0.0000000E+00  0.0000000E+00
                       0.0000000E+00
     3     1     1     0.0000000E+00  0.0000000E+00 -4.7396168E+00  0.0000000E+00
                       0.0000000E+00
     4     1     2     0.0000000E+00  0.0000000E+00  0.0000000E+00 -1.1538406E+00
                       0.0000000E+00
     5     2     1     0.0000000E+00  0.0000000E+00  0.0000000E+00  0.0000000E+00
                      -1.3358345E+00
 
 **** Database of total energy derivatives ****
 Number of data blocks=    3
  
 1st derivatives              - # elements :          18
     1     1  0.00000000000000D+00  0.00000000000000D+00
     2     1 -0.86164647140940D-26  0.00000000000000D+00
     3     1 -0.56155679195772D-04  0.00000000000000D+00
     1     2 -0.86164647140940D-26  0.00000000000000D+00
     2     2  0.00000000000000D+00  0.00000000000000D+00
     3     2 -0.56155679195772D-04  0.00000000000000D+00
     1     3 -0.10770580892618D-26  0.00000000000000D+00
     2     3 -0.16155871338926D-26  0.00000000000000D+00
     3     3 -0.48697523140146D-04  0.00000000000000D+00
     1     4  0.00000000000000D+00  0.00000000000000D+00
     2     4  0.40389678347316D-27  0.00000000000000D+00
     3     4 -0.48697523140146D-04  0.00000000000000D+00
     1     7 -0.21895555006291D-03  0.00000000000000D+00
     2     7 -0.21895555038589D-03  0.00000000000000D+00
     3     7 -0.22489935210918D-03  0.00000000000000D+00
     1     8  0.00000000000000D+00  0.00000000000000D+00
     2     8  0.00000000000000D+00  0.00000000000000D+00
     3     8  0.00000000000000D+00  0.00000000000000D+00
  
 Total energy                 - # elements :           1
 -0.45085592142418D+03  0.00000000000000D+00
  
 2nd derivatives (non-stat.)  - # elements :         288
 qpt  0.00000000E+00  0.00000000E+00  0.00000000E+00   1.0
   1   1   1   1  0.32929925135322D+01  0.00000000000000D+00
   2   1   1   1 -0.16464963863491D+01  0.00000000000000D+00
   3   1   1   1  0.00000000000000D+00  0.00000000000000D+00
   1   2   1   1 -0.13551409151227D+00 -0.91860764257022D-14
   2   2   1   1  0.67757048465430D-01  0.48091589244941D-14
   3   2   1   1  0.00000000000000D+00  0.00000000000000D+00
   1   3   1   1  0.48711050418522D-01  0.16897509066322D-15
   2   3   1   1 -0.24355525209293D-01 -0.17357916384968D-15
   3   3   1   1  0.00000000000000D+00  0.00000000000000D+00
   1   4   1   1 -0.32000867259098D+01 -0.12770123817841D-14
   2   4   1   1  0.16000433721167D+01 -0.15019793920006D-14
   3   4   1   1  0.00000000000000D+00  0.00000000000000D+00
   2   6   1   1  0.00000000000000D+00  0.00000000000000D+00
   3   6   1   1  0.00000000000000D+00  0.00000000000000D+00
   1   1   2   1 -0.16464963863491D+01  0.00000000000000D+00
   2   1   2   1  0.32929925138815D+01  0.00000000000000D+00
   3   1   2   1  0.00000000000000D+00  0.00000000000000D+00
   1   2   2   1  0.67757045756158D-01  0.48091589244941D-14
   2   2   2   1 -0.13551409183393D+00  0.81443995249944D-14
   3   2   2   1  0.00000000000000D+00  0.00000000000000D+00
   1   3   2   1 -0.24355525165981D-01 -0.17357916384968D-15
   2   3   2   1  0.48711050838624D-01 -0.12544528800656D-14
   3   3   2   1  0.00000000000000D+00  0.00000000000000D+00
   1   4   2   1  0.16000433629549D+01 -0.15019793920006D-14
   2   4   2   1 -0.32000867263598D+01 -0.15764652273025D-14
   3   4   2   1  0.00000000000000D+00  0.00000000000000D+00
   1   6   2   1  0.00000000000000D+00  0.00000000000000D+00
   3   6   2   1  0.00000000000000D+00  0.00000000000000D+00
   1   1   3   1  0.00000000000000D+00  0.00000000000000D+00
   2   1   3   1  0.00000000000000D+00  0.00000000000000D+00
   3   1   3   1  0.12348134894040D+02  0.00000000000000D+00
   1   2   3   1  0.00000000000000D+00  0.00000000000000D+00
   2   2   3   1  0.00000000000000D+00  0.00000000000000D+00
   3   2   3   1 -0.49640613100695D+01 -0.10020559817546D-14
   1   3   3   1  0.00000000000000D+00  0.00000000000000D+00
   2   3   3   1  0.00000000000000D+00  0.00000000000000D+00
   3   3   3   1 -0.59609705537396D+01  0.10192789784523D-13
   1   4   3   1  0.00000000000000D+00  0.00000000000000D+00
   2   4   3   1  0.00000000000000D+00  0.00000000000000D+00
   3   4   3   1 -0.14171620230124D+01  0.15496587115670D-13
   1   1   1   2 -0.13551409151227D+00  0.91860764257022D-14
   2   1   1   2  0.67757045756158D-01 -0.48091589244941D-14
   3   1   1   2  0.00000000000000D+00  0.00000000000000D+00
   1   2   1   2  0.32929925135322D+01  0.00000000000000D+00
   2   2   1   2 -0.16464963863491D+01  0.00000000000000D+00
   3   2   1   2  0.00000000000000D+00  0.00000000000000D+00
   1   3   1   2 -0.32000867259099D+01  0.12873601797334D-14
   2   3   1   2  0.16000433629548D+01 -0.17068836697186D-14
   3   3   1   2  0.00000000000000D+00  0.00000000000000D+00
   1   4   1   2  0.48711050418430D-01 -0.14655170680048D-14
   2   4   1   2 -0.24355525165935D-01  0.62968600966937D-15
   3   4   1   2  0.00000000000000D+00  0.00000000000000D+00
   2   6   1   2  0.00000000000000D+00  0.00000000000000D+00
   3   6   1   2  0.00000000000000D+00  0.00000000000000D+00
   1   1   2   2  0.67757048465430D-01 -0.48091589244941D-14
   2   1   2   2 -0.13551409183393D+00 -0.81443995249944D-14
   3   1   2   2  0.00000000000000D+00  0.00000000000000D+00
   1   2   2   2 -0.16464963863491D+01  0.00000000000000D+00
   2   2   2   2  0.32929925138815D+01  0.00000000000000D+00
   3   2   2   2  0.00000000000000D+00  0.00000000000000D+00
   1   3   2   2  0.16000433721166D+01 -0.17068836697186D-14
   2   3   2   2 -0.32000867263597D+01 -0.36669452653447D-15
   3   3   2   2  0.00000000000000D+00  0.00000000000000D+00
   1   4   2   2 -0.24355525209247D-01  0.62968600966937D-15
   2   4   2   2  0.48711050838510D-01  0.42618771555294D-16
   3   4   2   2  0.00000000000000D+00  0.00000000000000D+00
   1   6   2   2  0.00000000000000D+00  0.00000000000000D+00
   3   6   2   2  0.00000000000000D+00  0.00000000000000D+00
   1   1   3   2  0.00000000000000D+00  0.00000000000000D+00
   2   1   3   2  0.00000000000000D+00  0.00000000000000D+00
   3   1   3   2 -0.49640613100695D+01  0.10020559817546D-14
   1   2   3   2  0.00000000000000D+00  0.00000000000000D+00
   2   2   3   2  0.00000000000000D+00  0.00000000000000D+00
   3   2   3   2  0.12348134894040D+02  0.00000000000000D+00
   1   3   3   2  0.00000000000000D+00  0.00000000000000D+00
   2   3   3   2  0.00000000000000D+00  0.00000000000000D+00
   3   3   3   2 -0.14171620230123D+01  0.98820321838395D-14
   1   4   3   2  0.00000000000000D+00  0.00000000000000D+00
   2   4   3   2  0.00000000000000D+00  0.00000000000000D+00
   3   4   3   2 -0.59609705537389D+01  0.49655117869137D-14
   1   1   1   3  0.48711050418522D-01 -0.16897509066322D-15
   2   1   1   3 -0.24355525165981D-01  0.17357916384968D-15
   3   1   1   3  0.00000000000000D+00  0.00000000000000D+00
   1   2   1   3 -0.32000867259099D+01 -0.12873601797334D-14
   2   2   1   3  0.16000433721166D+01  0.17068836697186D-14
   3   2   1   3  0.00000000000000D+00  0.00000000000000D+00
   1   3   1   3  0.35138293892132D+01  0.00000000000000D+00
   2   3   1   3 -0.17569128212351D+01  0.00000000000000D+00
   3   3   1   3  0.00000000000000D+00  0.00000000000000D+00
   1   4   1   3 -0.36809149549765D+00  0.74592715920018D-15
   2   4   1   3  0.18404574703829D+00 -0.11873859548129D-15
   3   4   1   3  0.00000000000000D+00  0.00000000000000D+00
   2   6   1   3  0.00000000000000D+00  0.00000000000000D+00
   3   6   1   3  0.00000000000000D+00  0.00000000000000D+00
   1   1   2   3 -0.24355525209293D-01  0.17357916384968D-15
   2   1   2   3  0.48711050838624D-01  0.12544528800656D-14
   3   1   2   3  0.00000000000000D+00  0.00000000000000D+00
   1   2   2   3  0.16000433629548D+01  0.17068836697186D-14
   2   2   2   3 -0.32000867263597D+01  0.36669452653447D-15
   3   2   2   3  0.00000000000000D+00  0.00000000000000D+00
   1   3   2   3 -0.17569128212351D+01  0.00000000000000D+00
   2   3   2   3  0.35138293892728D+01  0.00000000000000D+00
   3   3   2   3  0.00000000000000D+00  0.00000000000000D+00
   1   4   2   3  0.18404574774882D+00 -0.11873859548129D-15
   2   4   2   3 -0.36809149552660D+00 -0.67647646167116D-16
   3   4   2   3  0.00000000000000D+00  0.00000000000000D+00
   1   6   2   3  0.00000000000000D+00  0.00000000000000D+00
   3   6   2   3  0.00000000000000D+00  0.00000000000000D+00
   1   1   3   3  0.00000000000000D+00  0.00000000000000D+00
   2   1   3   3  0.00000000000000D+00  0.00000000000000D+00
   3   1   3   3 -0.59609705537396D+01 -0.10192789784523D-13
   1   2   3   3  0.00000000000000D+00  0.00000000000000D+00
   2   2   3   3  0.00000000000000D+00  0.00000000000000D+00
   3   2   3   3 -0.14171620230123D+01 -0.98820321838395D-14
   1   3   3   3  0.00000000000000D+00  0.00000000000000D+00
   2   3   3   3  0.00000000000000D+00  0.00000000000000D+00
   3   3   3   3  0.12542778327559D+02  0.00000000000000D+00
   1   4   3   3  0.00000000000000D+00  0.00000000000000D+00
   2   4   3   3  0.00000000000000D+00  0.00000000000000D+00
   3   4   3   3 -0.51462920747573D+01 -0.15656912506551D-15
   1   1   1   4 -0.32000867259098D+01  0.12770123817841D-14
   2   1   1   4  0.16000433629549D+01  0.15019793920006D-14
   3   1   1   4  0.00000000000000D+00  0.00000000000000D+00
   1   2   1   4  0.48711050418430D-01  0.14655170680048D-14
   2   2   1   4 -0.24355525209247D-01 -0.62968600966937D-15
   3   2   1   4  0.00000000000000D+00  0.00000000000000D+00
   1   3   1   4 -0.36809149549765D+00 -0.74592715920018D-15
   2   3   1   4  0.18404574774882D+00  0.11873859548129D-15
   3   3   1   4  0.00000000000000D+00  0.00000000000000D+00
   1   4   1   4  0.35138293892142D+01  0.00000000000000D+00
   2   4   1   4 -0.17569128212356D+01  0.00000000000000D+00
   3   4   1   4  0.00000000000000D+00  0.00000000000000D+00
   2   6   1   4  0.00000000000000D+00  0.00000000000000D+00
   3   6   1   4  0.00000000000000D+00  0.00000000000000D+00
   1   1   2   4  0.16000433721167D+01  0.15019793920006D-14
   2   1   2   4 -0.32000867263598D+01  0.15764652273025D-14
   3   1   2   4  0.00000000000000D+00  0.00000000000000D+00
   1   2   2   4 -0.24355525165935D-01 -0.62968600966937D-15
   2   2   2   4  0.48711050838510D-01 -0.42618771555294D-16
   3   2   2   4  0.00000000000000D+00  0.00000000000000D+00
   1   3   2   4  0.18404574703829D+00  0.11873859548129D-15
   2   3   2   4 -0.36809149552660D+00  0.67647646167116D-16
   3   3   2   4  0.00000000000000D+00  0.00000000000000D+00
   1   4   2   4 -0.17569128212356D+01  0.00000000000000D+00
   2   4   2   4  0.35138293892724D+01  0.00000000000000D+00
   3   4   2   4  0.00000000000000D+00  0.00000000000000D+00
   1   6   2   4  0.00000000000000D+00  0.00000000000000D+00
   3   6   2   4  0.00000000000000D+00  0.00000000000000D+00
   1   1   3   4  0.00000000000000D+00  0.00000000000000D+00
   2   1   3   4  0.00000000000000D+00  0.00000000000000D+00
   3   1   3   4 -0.14171620230124D+01 -0.15496587115670D-13
   1   2   3   4  0.00000000000000D+00  0.00000000000000D+00
   2   2   3   4  0.00000000000000D+00  0.00000000000000D+00
   3   2   3   4 -0.59609705537389D+01 -0.49655117869137D-14
   1   3   3   4  0.00000000000000D+00  0.00000000000000D+00
   2   3   3   4  0.00000000000000D+00  0.00000000000000D+00
   3   3   3   4 -0.51462920747573D+01  0.15656912506551D-15
   1   4   3   4  0.00000000000000D+00  0.00000000000000D+00
   2   4   3   4  0.00000000000000D+00  0.00000000000000D+00
   3   4   3   4  0.12542778327558D+02  0.00000000000000D+00
   2   1   1   6  0.00000000000000D+00  0.00000000000000D+00
   2   2   1   6  0.00000000000000D+00  0.00000000000000D+00
   2   3   1   6  0.00000000000000D+00  0.00000000000000D+00
   2   4   1   6  0.00000000000000D+00  0.00000000000000D+00
   3   6   1   6  0.00000000000000D+00  0.00000000000000D+00
   1   1   2   6  0.00000000000000D+00  0.00000000000000D+00
   1   2   2   6  0.00000000000000D+00  0.00000000000000D+00
   1   3   2   6  0.00000000000000D+00  0.00000000000000D+00
   1   4   2   6  0.00000000000000D+00  0.00000000000000D+00
   3   6   2   6  0.00000000000000D+00  0.00000000000000D+00
   1   1   3   6  0.00000000000000D+00  0.00000000000000D+00
   2   1   3   6  0.00000000000000D+00  0.00000000000000D+00
   1   2   3   6  0.00000000000000D+00  0.00000000000000D+00
   2   2   3   6  0.00000000000000D+00  0.00000000000000D+00
   1   3   3   6  0.00000000000000D+00  0.00000000000000D+00
   2   3   3   6  0.00000000000000D+00  0.00000000000000D+00
   1   4   3   6  0.00000000000000D+00  0.00000000000000D+00
   2   4   3   6  0.00000000000000D+00  0.00000000000000D+00
   1   6   3   6  0.00000000000000D+00  0.00000000000000D+00
   2   6   3   6  0.00000000000000D+00  0.00000000000000D+00
   1   1   1   7  0.79506238057952D-07  0.00000000000000D+00
   2   1   1   7  0.89066442854990D+00  0.00000000000000D+00
   3   1   1   7  0.10478954786775D+01  0.00000000000000D+00
   1   2   1   7  0.67884615442559D-08  0.00000000000000D+00
   2   2   1   7 -0.89066450667854D+00  0.00000000000000D+00
   3   2   1   7  0.10478954787390D+01  0.00000000000000D+00
   1   3   1   7  0.83089900805455D-09  0.00000000000000D+00
   2   3   1   7  0.98796223990720D+00  0.00000000000000D+00
   3   3   1   7 -0.10478653329127D+01  0.00000000000000D+00
   1   4   1   7  0.10752729466787D-07  0.00000000000000D+00
   2   4   1   7 -0.98796224918690D+00  0.00000000000000D+00
   3   4   1   7 -0.10478653326527D+01  0.00000000000000D+00
   1   7   1   7  0.32327152596213D+01  0.00000000000000D+00
   2   7   1   7  0.11670984973895D+01  0.00000000000000D+00
   3   7   1   7  0.81077102071089D+00  0.00000000000000D+00
   1   8   1   7 -0.36533375149824D-10  0.00000000000000D+00
   2   8   1   7  0.56432443061817D-12  0.00000000000000D+00
   3   8   1   7  0.20128454857046D-06  0.00000000000000D+00
   1   1   2   7  0.10202809485960D-06  0.00000000000000D+00
   2   1   2   7 -0.89066455553849D+00  0.00000000000000D+00
   3   1   2   7  0.10478955523170D+01  0.00000000000000D+00
   1   2   2   7  0.10843343703199D-06  0.00000000000000D+00
   2   2   2   7  0.89066443631089D+00  0.00000000000000D+00
   3   2   2   7  0.10478955528420D+01  0.00000000000000D+00
   1   3   2   7  0.14987712968982D-07  0.00000000000000D+00
   2   3   2   7 -0.98796227786129D+00  0.00000000000000D+00
   3   3   2   7 -0.10478653191944D+01  0.00000000000000D+00
   1   4   2   7  0.13714519847976D-07  0.00000000000000D+00
   2   4   2   7  0.98796226266004D+00  0.00000000000000D+00
   3   4   2   7 -0.10478653189102D+01  0.00000000000000D+00
   1   7   2   7  0.11670985002050D+01  0.00000000000000D+00
   2   7   2   7  0.32327159588765D+01  0.00000000000000D+00
   3   7   2   7  0.81077103225322D+00  0.00000000000000D+00
   1   8   2   7 -0.93284204043046D-10  0.00000000000000D+00
   2   8   2   7 -0.40927390454569D-10  0.00000000000000D+00
   3   8   2   7  0.57372429464083D-06  0.00000000000000D+00
   1   1   3   7  0.10375796829933D-06  0.00000000000000D+00
   2   1   3   7 -0.68350007852756D-07  0.00000000000000D+00
   3   1   3   7 -0.20862081367385D+01  0.00000000000000D+00
   1   2   3   7  0.10658456884185D-06  0.00000000000000D+00
   2   2   3   7 -0.71381721844611D-07  0.00000000000000D+00
   3   2   3   7 -0.20862081368430D+01  0.00000000000000D+00
   1   3   3   7  0.13866507755218D-07  0.00000000000000D+00
   2   3   3   7 -0.83448659539201D-08  0.00000000000000D+00
   3   3   3   7  0.20841854143389D+01  0.00000000000000D+00
   1   4   3   7  0.14808662247691D-07  0.00000000000000D+00
   2   4   3   7 -0.94497698240081D-08  0.00000000000000D+00
   3   4   3   7  0.20841854145760D+01  0.00000000000000D+00
   1   7   3   7  0.81077090907760D+00  0.00000000000000D+00
   2   7   3   7  0.81077091245997D+00  0.00000000000000D+00
   3   7   3   7  0.35388265454585D+01  0.00000000000000D+00
   1   8   3   7  0.16212221350870D-10  0.00000000000000D+00
   2   8   3   7  0.83724784988061D-10  0.00000000000000D+00
   3   8   3   7  0.39598532460950D-08  0.00000000000000D+00
   1   1   1   8 -0.11341003965493D-08  0.00000000000000D+00
   2   1   1   8  0.56221892061002D+00  0.00000000000000D+00
   3   1   1   8  0.18138126175526D-06  0.00000000000000D+00
   1   2   1   8 -0.13327591563014D-08  0.00000000000000D+00
   2   2   1   8  0.56221892000747D+00  0.00000000000000D+00
   3   2   1   8 -0.14151239055648D-06  0.00000000000000D+00
   1   3   1   8 -0.53992057342282D-10  0.00000000000000D+00
   2   3   1   8 -0.56221387983338D+00  0.00000000000000D+00
   3   3   1   8 -0.34540511863374D-08  0.00000000000000D+00
   1   4   1   8 -0.54233252360317D-10  0.00000000000000D+00
   2   4   1   8 -0.56221387997013D+00  0.00000000000000D+00
   3   4   1   8  0.96783267191153D-08  0.00000000000000D+00
   1   7   1   8 -0.15028470578786D-06  0.00000000000000D+00
   2   7   1   8 -0.15035451795576D-06  0.00000000000000D+00
   3   7   1   8 -0.15066617870246D-06  0.00000000000000D+00
   1   8   1   8  0.59494308923558D+00  0.00000000000000D+00
   2   8   1   8  0.68983214624856D-08  0.00000000000000D+00
   3   8   1   8 -0.26415544519444D-10  0.00000000000000D+00
   1   1   2   8  0.64919457919730D+00  0.00000000000000D+00
   2   1   2   8 -0.32459729250598D+00  0.00000000000000D+00
   3   1   2   8 -0.77303418142068D-07  0.00000000000000D+00
   1   2   2   8  0.64919457844828D+00  0.00000000000000D+00
   2   2   2   8 -0.32459728845622D+00  0.00000000000000D+00
   3   2   2   8 -0.85103022778701D-07  0.00000000000000D+00
   1   3   2   8 -0.64918864342087D+00  0.00000000000000D+00
   2   3   2   8  0.32459432204503D+00  0.00000000000000D+00
   3   3   2   8 -0.12624483234674D-07  0.00000000000000D+00
   1   4   2   8 -0.64918864340405D+00  0.00000000000000D+00
   2   4   2   8  0.32459432125752D+00  0.00000000000000D+00
   3   4   2   8 -0.12229451723256D-07  0.00000000000000D+00
   1   7   2   8  0.14768251032256D-07  0.00000000000000D+00
   2   7   2   8  0.14940493995183D-07  0.00000000000000D+00
   3   7   2   8  0.13055997295160D-07  0.00000000000000D+00
   1   8   2   8  0.68983192568264D-08  0.00000000000000D+00
   2   8   2   8  0.59494307339514D+00  0.00000000000000D+00
   3   8   2   8 -0.33518159613149D-10  0.00000000000000D+00
   1   1   3   8  0.10284503680932D+01  0.00000000000000D+00
   2   1   3   8 -0.51422520328932D+00  0.00000000000000D+00
   3   1   3   8  0.32721289843574D-08  0.00000000000000D+00
   1   2   3   8 -0.10284503567454D+01  0.00000000000000D+00
   2   2   3   8  0.51422514411911D+00  0.00000000000000D+00
   3   2   3   8  0.30143148745646D-08  0.00000000000000D+00
   1   3   3   8  0.11408006062371D+01  0.00000000000000D+00
   2   3   3   8 -0.57040031653299D+00  0.00000000000000D+00
   3   3   3   8 -0.27513485657610D-07  0.00000000000000D+00
   1   4   3   8 -0.11408006044804D+01  0.00000000000000D+00
   2   4   3   8  0.57040030819259D+00  0.00000000000000D+00
   3   4   3   8 -0.27535200206939D-07  0.00000000000000D+00
   1   7   3   8  0.19564240475590D-06  0.00000000000000D+00
   2   7   3   8  0.47416946991005D-06  0.00000000000000D+00
   3   7   3   8  0.39102791359290D-07  0.00000000000000D+00
   1   8   3   8 -0.26417533228061D-10  0.00000000000000D+00
   2   8   3   8 -0.33517167895057D-10  0.00000000000000D+00
   3   8   3   8  0.10328087118049D+01  0.00000000000000D+00
